1.127,3.9226599,3.6088471,-7.7668667,2016-03-10,11:36:48.695
1.196,5.1779113,3.6774936,-8.453332,2016-03-10,11:36:48.764
1.289,6.2566423,2.9321883,-8.943665,2016-03-10,11:36:48.857
1.371,3.8442068,2.1182363,-7.9335794,2016-03-10,11:36:48.939
1.425,4.177633,2.7262487,-9.767424,2016-03-10,11:36:48.993
1.497,5.236751,2.2359161,-8.267006,2016-03-10,11:36:49.065
1.567,2.5791488,2.3437893,-8.796565,2016-03-10,11:36:49.135
1.643,0.8531785,2.3437893,-7.923773,2016-03-10,11:36:49.211
1.677,0.8531785,2.0005565,-7.923773,2016-03-10,11:36:49.245
1.745,2.9714148,0.588399,-3.550007,2016-03-10,11:36:49.313
1.794,4.2168593,1.1277647,-5.8643765,2016-03-10,11:36:49.362
1.867,3.334261,1.8436501,-8.178746,2016-03-10,11:36:49.435
1.937,1.6671305,1.5200307,-8.914245,2016-03-10,11:36:49.505
2.016,2.8635418,3.0890946,-11.101128,2016-03-10,11:36:49.584
2.101,0.6472389,1.6279038,-12.591739,2016-03-10,11:36:49.669
2.183,1.6769371,2.9616082,-15.298373,2016-03-10,11:36:49.751
2.237,1.2258313,2.0005565,-12.179859,2016-03-10,11:36:49.805
2.307,1.6377105,1.5886773,-10.983448,2016-03-10,11:36:49.875
2.386,2.6379888,2.0888164,-9.620323,2016-03-10,11:36:49.954
2.456,3.0989013,2.0593965,-9.5320635,2016-03-10,11:36:50.024
2.542,4.06976,2.0593965,-9.826263,2016-03-10,11:36:50.11
2.581,4.06976,0.69627213,-9.826263,2016-03-10,11:36:50.149
2.641,2.7360554,1.6082906,-7.7766733,2016-03-10,11:36:50.209
2.68,3.559814,1.4317709,-7.923773,2016-03-10,11:36:50.248
2.752,3.6480737,1.5592573,-7.6197667,2016-03-10,11:36:50.32
2.826,3.5402005,1.5886773,-8.237586,2016-03-10,11:36:50.394
2.906,2.883155,1.2552512,-6.492002,2016-03-10,11:36:50.474
3.002,6.492002,1.4121575,-9.071151,2016-03-10,11:36:50.57
3.071,6.2762556,0.92182505,-7.4922805,2016-03-10,11:36:50.639
3.13,5.88399,1.706357,-7.335374,2016-03-10,11:36:50.698
3.217,5.1975245,1.0002782,-6.7077484,2016-03-10,11:36:50.785
3.283,4.3835726,1.9809432,-6.109543,2016-03-10,11:36:50.851
3.352,4.3835726,1.8338435,-7.4334407,2016-03-10,11:36:50.92
3.465,4.903325,0.8041453,-8.414105,2016-03-10,11:36:51.033
3.557,4.962165,1.5004175,-9.375157,2016-03-10,11:36:51.125
3.577,3.9422731,0.9414384,-10.189109,2016-03-10,11:36:51.145
3.646,4.5404787,1.7553903,-10.924608,2016-03-10,11:36:51.214
3.717,4.403186,3.1773546,-11.875853,2016-03-10,11:36:51.285
3.787,6.6292953,3.2656143,-11.248227,2016-03-10,11:36:51.355
3.883,5.3053975,2.2163029,-9.92433,2016-03-10,11:36:51.451
3.962,4.226666,1.8142302,-9.45361,2016-03-10,11:36:51.53
4.01,3.275421,1.5200307,-8.414105,2016-03-10,11:36:51.578
4.087,5.2759776,2.2555294,-9.002504,2016-03-10,11:36:51.655
4.166,4.3639593,1.735777,-8.394492,2016-03-10,11:36:51.734
4.237,4.422799,0.951245,-6.305676,2016-03-10,11:36:51.805
4.322,4.0795665,1.1669914,-6.825428,2016-03-10,11:36:51.89
4.401,4.256086,0.38245934,-5.991863,2016-03-10,11:36:51.969
4.469,6.4233556,0.38245934,-7.8453197,2016-03-10,11:36:52.037
4.493,6.4233556,2.9812214,-7.8453197,2016-03-10,11:36:52.061
4.538,5.3053975,2.4516625,-7.4628606,2016-03-10,11:36:52.106
4.603,6.187996,1.8338435,-7.590347,2016-03-10,11:36:52.171
4.699,6.943108,1.7651969,-7.6688,2016-03-10,11:36:52.267
4.785,6.462582,1.9515233,-7.502087,2016-03-10,11:36:52.353
4.836,4.8739047,1.0493115,-5.991863,2016-03-10,11:36:52.404
4.907,4.177633,2.7654753,-5.236751,2016-03-10,11:36:52.475
4.977,4.8935184,0.60801226,-6.305676,2016-03-10,11:36:52.545
5.048,5.217138,0.60801226,-8.973084,2016-03-10,11:36:52.616
5.065,5.217138,1.6279038,-8.973084,2016-03-10,11:36:52.633
5.157,4.089373,0.2941995,-9.443804,2016-03-10,11:36:52.725
5.242,4.4620256,2.5889556,-10.502922,2016-03-10,11:36:52.81
5.284,5.7565036,2.4516625,-11.807206,2016-03-10,11:36:52.852
5.349,5.1681046,2.0888164,-11.70914,2016-03-10,11:36:52.917
5.426,4.8052583,0.6472389,-10.532342,2016-03-10,11:36:52.994
5.497,4.4718323,1.5004175,-9.57129,2016-03-10,11:36:53.065
5.582,4.903325,1.8730701,-9.15941,2016-03-10,11:36:53.15
5.66,4.4620256,2.2849493,-8.502365,2016-03-10,11:36:53.228
5.736,4.4718323,1.5592573,-8.208166,2016-03-10,11:36:53.304
5.8,4.991585,1.0198916,-7.7766733,2016-03-10,11:36:53.368
5.867,4.3541527,1.0983448,-6.923495,2016-03-10,11:36:53.435
5.943,3.6480737,0.97085834,-6.9627213,2016-03-10,11:36:53.511
6.043,3.559814,0.89240515,-6.442969,2016-03-10,11:36:53.611
6.123,5.325011,0.88259846,-8.041452,2016-03-10,11:36:53.691
6.167,5.3053975,1.1179581,-7.678607,2016-03-10,11:36:53.735
6.246,5.7565036,1.2748644,-7.923773,2016-03-10,11:36:53.814
6.317,5.8055367,1.0395049,-6.5018086,2016-03-10,11:36:53.885
6.387,6.746975,1.5494506,-7.0902076,2016-03-10,11:36:53.955
6.481,6.8548484,1.5494506,-7.0902076,2016-03-10,11:36:54.049
6.525,6.8548484,1.8534569,-7.0902076,2016-03-10,11:36:54.093
6.57,5.0994577,1.3238977,-6.364516,2016-03-10,11:36:54.138
6.614,2.5791488,0.88259846,-4.579705,2016-03-10,11:36:54.182
6.679,3.4029074,0.7354987,-5.3544307,2016-03-10,11:36:54.247
6.757,5.3838506,1.0689248,-8.031646,2016-03-10,11:36:54.325
6.851,5.2563643,1.6180972,-9.002504,2016-03-10,11:36:54.419
6.933,4.864098,0.7649187,-9.9047165,2016-03-10,11:36:54.501
6.983,4.903325,0.8727918,-11.032481,2016-03-10,11:36:54.551
7.059,5.8937964,2.4516625,-10.797121,2016-03-10,11:36:54.627
7.135,7.7178335,2.4124358,-11.699333,2016-03-10,11:36:54.703
7.2,6.7077484,1.6180972,-10.277369,2016-03-10,11:36:54.768
7.296,6.5704556,1.2160245,-9.296704,2016-03-10,11:36:54.864
7.36,4.981778,1.3925443,-8.669079,2016-03-10,11:36:54.928
7.426,5.521144,0.19613299,-8.884825,2016-03-10,11:36:54.994
7.497,5.5897903,1.2748644,-7.2078876,2016-03-10,11:36:55.065
7.576,4.658159,0.4511059,-6.9529147,2016-03-10,11:36:55.144
7.646,3.7559469,1.0689248,-6.609682,2016-03-10,11:36:55.214
7.766,3.3440676,1.4023509,-7.5118937,2016-03-10,11:36:55.334
7.81,5.8447633,-0.1569064,-8.757339,2016-03-10,11:36:55.378
7.878,6.4723887,1.3042845,-8.433719,2016-03-10,11:36:55.446
7.947,6.825428,1.5886773,-8.463139,2016-03-10,11:36:55.515
8.022,6.384129,1.147378,-6.9333014,2016-03-10,11:36:55.59
8.099,5.991863,0.8531785,-6.835235,2016-03-10,11:36:55.667
8.184,6.217416,1.0395049,-7.247114,2016-03-10,11:36:55.752
8.275,6.8058147,1.3238977,-6.550842,2016-03-10,11:36:55.843
8.317,5.325011,0.83356524,-6.6292953,2016-03-10,11:36:55.885
8.392,3.3244543,1.90249,-4.285506,2016-03-10,11:36:55.96
8.467,4.6973853,-0.6864655,-6.541035,2016-03-10,11:36:56.035
8.537,6.187996,1.2356379,-8.433719,2016-03-10,11:36:56.105
8.645,4.8542914,0.6276256,-8.227779,2016-03-10,11:36:56.213
8.723,5.491724,1.2454445,-10.963835,2016-03-10,11:36:56.291
8.761,5.9428296,3.1185145,-11.307067,2016-03-10,11:36:56.329
8.837,6.7567816,3.6774936,-10.728475,2016-03-10,11:36:56.405
8.907,4.981778,1.0395049,-10.169496,2016-03-10,11:36:56.475
8.986,5.67805,1.372931,-9.061344,2016-03-10,11:36:56.554
9.071,5.8937964,2.5497289,-7.8257065,2016-03-10,11:36:56.639
9.149,4.6189322,2.4516625,-8.119906,2016-03-10,11:36:56.717
9.203,4.2168593,0.89240515,-7.9335794,2016-03-10,11:36:56.771
9.278,4.8935184,0.89240515,-6.864655,2016-03-10,11:36:56.846
9.302,4.8935184,1.2356379,-6.864655,2016-03-10,11:36:56.87
9.358,4.001113,1.3042845,-8.129713,2016-03-10,11:36:56.926
9.46,4.452219,2.1476562,-9.649743,2016-03-10,11:36:57.028
9.521,4.2364726,1.4709975,-7.050981,2016-03-10,11:36:57.089
9.583,6.021283,1.1964113,-9.218251,2016-03-10,11:36:57.151
9.658,6.776395,0.60801226,-7.247114,2016-03-10,11:36:57.226
9.725,6.5018086,0.65704554,-7.3157606,2016-03-10,11:36:57.293
9.819,6.2958694,1.0493115,-6.943108,2016-03-10,11:36:57.387
9.901,5.5015306,1.0885382,-7.4138274,2016-03-10,11:36:57.469
10.038,5.462304,1.2650578,-7.7178335,2016-03-10,11:36:57.606
10.123,7.139241,1.90249,-6.6587152,2016-03-10,11:36:57.691
10.148,5.374044,1.3533176,-7.453054,2016-03-10,11:36:57.716
10.169,4.001113,1.5004175,-5.8349566,2016-03-10,11:36:57.737
10.246,3.0400615,1.2062179,-7.276534,2016-03-10,11:36:57.814
10.332,4.864098,1.6377105,-8.13952,2016-03-10,11:36:57.9
10.409,5.2563643,3.0989013,-9.267284,2016-03-10,11:36:57.977
10.463,4.785645,3.0989013,-9.0515375,2016-03-10,11:36:58.031
10.483,4.785645,1.0689248,-9.0515375,2016-03-10,11:36:58.051
10.548,6.0703163,2.8047018,-10.610795,2016-03-10,11:36:58.116
10.616,6.3252892,2.265336,-10.836348,2016-03-10,11:36:58.184
10.725,4.834678,2.265336,-10.208722,2016-03-10,11:36:58.293
10.795,4.834678,1.8926834,-10.208722,2016-03-10,11:36:58.363
10.812,4.8248715,1.0885382,-8.963278,2016-03-10,11:36:58.38
10.845,4.177633,1.1179581,-7.4922805,2016-03-10,11:36:58.413
10.91,4.932745,1.2748644,-8.482752,2016-03-10,11:36:58.478
10.987,4.7169986,1.176798,-7.4432473,2016-03-10,11:36:58.555
11.091,5.0504246,0.74530536,-8.600431,2016-03-10,11:36:58.659
11.165,4.530672,1.9221034,-7.708027,2016-03-10,11:36:58.733
11.217,4.511059,2.186883,-6.9627213,2016-03-10,11:36:58.785
11.292,2.9714148,-0.5491724,-7.6982203,2016-03-10,11:36:58.86
11.356,4.3345394,0.12748645,-7.58054,2016-03-10,11:36:58.924
11.437,5.550564,0.5491724,-9.149604,2016-03-10,11:36:59.005
11.521,5.2857842,1.1669914,-9.65955,2016-03-10,11:36:59.089
11.598,6.2860627,1.5200307,-9.071151,2016-03-10,11:36:59.166
11.653,5.8055367,1.5494506,-7.7178335,2016-03-10,11:36:59.221
11.736,4.059953,2.7360554,-6.266449,2016-03-10,11:36:59.304
11.808,2.824315,1.735777,-4.4424124,2016-03-10,11:36:59.376
11.876,3.5794272,0.51975244,-8.620045,2016-03-10,11:36:59.444
11.989,4.452219,0.9904716,-10.9442215,2016-03-10,11:36:59.557
12.059,6.580262,2.1182363,-10.238142,2016-03-10,11:36:59.627
12.106,3.334261,2.2163029,-6.7862015,2016-03-10,11:36:59.674
12.177,1.5102241,2.0201697,-8.0120325,2016-03-10,11:36:59.745
12.251,3.275421,1.2748644,-8.973084,2016-03-10,11:36:59.819
12.326,6.187996,3.471554,-12.846711,2016-03-10,11:36:59.894
12.424,3.971693,1.0002782,-8.924051,2016-03-10,11:36:59.992
12.513,0.69627213,1.0002782,-6.00167,2016-03-10,11:37:00.081
12.57,0.69627213,-0.88259846,-6.00167,2016-03-10,11:37:00.138
12.588,2.1672697,1.2356379,-6.413549,2016-03-10,11:37:00.156
12.622,5.991863,2.7066352,-8.061066,2016-03-10,11:37:00.19
12.701,6.237029,2.0005565,-8.551398,2016-03-10,11:37:00.269
12.783,2.0593965,1.5004175,-5.982056,2016-03-10,11:37:00.351
12.872,1.5004175,0.44129923,-5.903603,2016-03-10,11:37:00.44
12.917,3.9815,1.2062179,-7.4334407,2016-03-10,11:37:00.485
12.988,5.6388235,1.4709975,-11.552234,2016-03-10,11:37:00.556
13.068,3.2361944,3.4519408,-11.228614,2016-03-10,11:37:00.636
13.136,2.4810824,2.9223816,-8.933858,2016-03-10,11:37:00.704
13.223,3.0989013,2.324176,-9.77723,2016-03-10,11:37:00.791
13.303,2.294756,2.941995,-9.767424,2016-03-10,11:37:00.871
13.375,3.2558076,1.7651969,-10.5715685,2016-03-10,11:37:00.943
13.436,4.9719715,2.1672697,-11.159967,2016-03-10,11:37:01.004
13.511,4.2953124,2.4516625,-11.061901,2016-03-10,11:37:01.079
13.587,4.932745,2.0201697,-11.571847,2016-03-10,11:37:01.155
13.656,4.8739047,1.6769371,-9.100571,2016-03-10,11:37:01.224
13.771,4.452219,1.1964113,-9.92433,2016-03-10,11:37:01.339
13.807,4.2462792,2.098623,-9.071151,2016-03-10,11:37:01.375
13.885,4.962165,2.657602,-8.316039,2016-03-10,11:37:01.453
13.957,5.207331,2.0692031,-7.7766733,2016-03-10,11:37:01.525
14.03,4.1580195,1.1571847,-6.864655,2016-03-10,11:37:01.598
14.129,3.3734875,1.5004175,-5.6976633,2016-03-10,11:37:01.697
14.19,3.86382,0.44129923,-5.4819174,2016-03-10,11:37:01.758
14.256,5.5603704,2.1770763,-9.257478,2016-03-10,11:37:01.824
14.333,6.0703163,2.1574628,-8.129713,2016-03-10,11:37:01.901
14.403,7.3157606,1.9122967,-8.580818,2016-03-10,11:37:01.971
14.477,6.6489086,2.4222424,-8.051259,2016-03-10,11:37:02.045
14.561,4.285506,1.4023509,-6.550842,2016-03-10,11:37:02.129
14.639,4.756225,1.5886773,-7.3451805,2016-03-10,11:37:02.207
14.694,5.9722495,1.5886773,-8.1983595,2016-03-10,11:37:02.262
14.713,5.9722495,2.2359161,-8.1983595,2016-03-10,11:37:02.281
14.779,7.0411744,2.3143694,-8.316039,2016-03-10,11:37:02.347
14.853,5.0308113,1.706357,-6.7862015,2016-03-10,11:37:02.421
14.949,3.9422731,1.5494506,-6.4037423,2016-03-10,11:37:02.517
15.028,4.226666,2.608569,-6.0605097,2016-03-10,11:37:02.596
15.075,3.9422731,2.0692031,-5.70747,2016-03-10,11:37:02.643
15.15,4.1089864,2.1084297,-6.187996,2016-03-10,11:37:02.718
15.222,3.9913065,1.8632635,-7.7472534,2016-03-10,11:37:02.79
15.299,3.4225209,1.5298374,-8.580818,2016-03-10,11:37:02.867
15.392,4.677772,2.5399222,-11.601267,2016-03-10,11:37:02.96
15.48,4.707192,1.8044236,-11.042288,2016-03-10,11:37:03.048
15.516,4.736612,2.1966896,-12.111213,2016-03-10,11:37:03.084
15.591,3.9128532,2.1574628,-11.630687,2016-03-10,11:37:03.159
15.667,3.2950344,1.4121575,-11.493394,2016-03-10,11:37:03.235
15.737,2.7164419,1.3925443,-9.4241905,2016-03-10,11:37:03.305
15.845,3.1871612,1.2944778,-9.031924,2016-03-10,11:37:03.413
15.899,4.06976,2.2849493,-8.973084,2016-03-10,11:37:03.467
15.967,3.4519408,1.7553903,-9.914523,2016-03-10,11:37:03.535
16.04,4.5993185,0.8139519,-8.600431,2016-03-10,11:37:03.608
16.111,4.932745,1.3337044,-7.560927,2016-03-10,11:37:03.679
16.189,4.5404787,1.6965504,-6.943108,2016-03-10,11:37:03.757
16.273,3.9226599,0.88259846,-6.207609,2016-03-10,11:37:03.841
16.341,3.3538742,1.0395049,-5.903603,2016-03-10,11:37:03.909
16.408,6.0408964,1.5788707,-8.080679,2016-03-10,11:37:03.976
16.482,6.0408964,1.5788707,-7.256921,2016-03-10,11:37:04.05
16.502,6.0408964,1.4906107,-7.256921,2016-03-10,11:37:04.07
16.559,6.6194887,1.5984839,-8.472945,2016-03-10,11:37:04.127
16.655,5.67805,1.4513842,-7.198081,2016-03-10,11:37:04.223
16.741,5.207331,1.4219642,-8.16894,2016-03-10,11:37:04.309
16.784,5.3544307,1.7750036,-8.3846855,2016-03-10,11:37:04.352
16.854,5.746697,2.2751427,-8.149326,2016-03-10,11:37:04.422
16.93,5.5799837,1.5004175,-7.031368,2016-03-10,11:37:04.498
16.997,4.5208654,1.1866046,-6.3743224,2016-03-10,11:37:04.565
17.091,4.579705,1.1081514,-6.335096,2016-03-10,11:37:04.659
17.172,5.207331,1.0493115,-7.394214,2016-03-10,11:37:04.74
17.229,5.629017,0.14709975,-7.678607,2016-03-10,11:37:04.797
17.299,5.266171,1.7946169,-9.080957,2016-03-10,11:37:04.867
17.381,3.559814,1.3238977,-9.698776,2016-03-10,11:37:04.949
17.447,2.4222424,1.0493115,-8.3846855,2016-03-10,11:37:05.015
17.539,3.0890946,0,-7.953193,2016-03-10,11:37:05.107
17.621,5.0210047,1.372931,-10.336209,2016-03-10,11:37:05.189
17.666,5.207331,2.1378496,-11.846433,2016-03-10,11:37:05.234
17.745,4.6875787,2.5889556,-12.258312,2016-03-10,11:37:05.313
17.817,3.3146477,1.0591182,-11.003061,2016-03-10,11:37:05.385
17.89,4.256086,1.4513842,-10.483309,2016-03-10,11:37:05.458
17.994,4.001113,1.5004175,-8.727919,2016-03-10,11:37:05.562
18.07,4.089373,1.8534569,-8.306232,2016-03-10,11:37:05.638
18.114,4.030533,1.2258313,-8.678885,2016-03-10,11:37:05.682
18.193,4.5993185,0.8139519,-8.227779,2016-03-10,11:37:05.761
18.262,5.0308113,1.2258313,-8.757339,2016-03-10,11:37:05.83
18.341,5.0308113,0.7256921,-6.943108,2016-03-10,11:37:05.909
18.433,4.089373,1.1669914,-7.2961473,2016-03-10,11:37:06.001
18.515,3.000835,0.30400613,-5.9232163,2016-03-10,11:37:06.083
18.561,5.1975245,0.44129923,-5.442691,2016-03-10,11:37:06.129
18.644,7.0117545,1.4317709,-8.786758,2016-03-10,11:37:06.212
18.704,6.3743224,1.1669914,-8.325846,2016-03-10,11:37:06.272
18.782,5.962443,1.4317709,-7.4922805,2016-03-10,11:37:06.35
18.872,5.266171,2.0201697,-8.061066,2016-03-10,11:37:06.44
18.955,5.85457,1.8828768,-8.100293,2016-03-10,11:37:06.523
19.005,6.237029,1.4709975,-7.943386,2016-03-10,11:37:06.573
19.077,7.0607877,1.5494506,-8.031646,2016-03-10,11:37:06.645
19.157,5.4819174,1.5102241,-6.5312285,2016-03-10,11:37:06.725
19.23,3.2558076,0.55897903,-5.3838506,2016-03-10,11:37:06.798
19.323,3.2263877,0.49033248,-5.462304,2016-03-10,11:37:06.891
19.412,4.3639593,0.6864655,-7.2373075,2016-03-10,11:37:06.98
19.452,4.285506,1.5690639,-7.9728065,2016-03-10,11:37:07.02
19.519,4.7660317,2.1966896,-9.80665,2016-03-10,11:37:07.087
19.601,4.344346,2.0593965,-10.228335,2016-03-10,11:37:07.169
19.682,4.118793,2.1574628,-10.630408,2016-03-10,11:37:07.25
19.775,3.7853668,0.9022118,-11.179581,2016-03-10,11:37:07.343
19.83,4.6189322,2.4124358,-12.375992,2016-03-10,11:37:07.398
19.9,3.559814,2.6968286,-11.307067,2016-03-10,11:37:07.468
19.968,3.334261,1.5494506,-10.326403,2016-03-10,11:37:07.536
20.05,3.5892339,0.26477954,-11.26784,2016-03-10,11:37:07.618
20.116,3.89324,1.0100849,-10.483309,2016-03-10,11:37:07.684
20.208,4.118793,1.1669914,-10.179302,2016-03-10,11:37:07.776
20.281,4.197246,1.7161638,-7.6295733,2016-03-10,11:37:07.849
20.338,4.9425516,1.2258313,-7.384407,2016-03-10,11:37:07.906
20.439,4.6091256,1.5102241,-7.119628,2016-03-10,11:37:08.007
20.485,4.707192,1.7161638,-7.0607877,2016-03-10,11:37:08.053
20.566,3.9128532,1.3827376,-6.6292953,2016-03-10,11:37:08.134
20.664,4.6973853,1.0493115,-6.4037423,2016-03-10,11:37:08.232
20.761,5.462304,1.0493115,-6.8842683,2016-03-10,11:37:08.329
20.792,5.462304,1.0100849,-6.8842683,2016-03-10,11:37:08.36
20.813,5.0798445,1.4906107,-7.3451805,2016-03-10,11:37:08.381
20.862,4.118793,0.84337187,-6.8842683,2016-03-10,11:37:08.43
20.939,4.275699,0.89240515,-7.080401,2016-03-10,11:37:08.507
21.026,5.0994577,1.4709975,-6.3449025,2016-03-10,11:37:08.594
21.091,6.384129,1.4709975,-8.267006,2016-03-10,11:37:08.659
21.137,6.384129,1.6573238,-8.267006,2016-03-10,11:37:08.705
21.156,6.521422,1.4121575,-8.3846855,2016-03-10,11:37:08.724
21.235,5.2563643,0.8139519,-6.442969,2016-03-10,11:37:08.803
21.307,4.5502853,0.56878567,-5.776117,2016-03-10,11:37:08.875
21.377,4.844485,2.4026291,-7.227501,2016-03-10,11:37:08.945
21.491,5.0308113,1.735777,-8.629851,2016-03-10,11:37:09.059
21.56,3.8834333,1.5886773,-8.718112,2016-03-10,11:37:09.128
21.608,3.7461402,1.3631244,-10.277369,2016-03-10,11:37:09.176
21.673,4.167826,1.2258313,-10.149882,2016-03-10,11:37:09.241
21.747,4.726805,1.4219642,-10.954028,2016-03-10,11:37:09.315
21.827,3.9815,2.7262487,-11.287454,2016-03-10,11:37:09.395
21.914,4.305119,1.93191,-11.444361,2016-03-10,11:37:09.482
22.017,3.8442068,1.7750036,-10.277369,2016-03-10,11:37:09.585
22.047,3.667687,1.6180972,-8.8652115,2016-03-10,11:37:09.615
22.122,4.2364726,1.6180972,-7.9335794,2016-03-10,11:37:09.69
22.14,4.2364726,2.2064962,-7.9335794,2016-03-10,11:37:09.708
22.199,5.148491,2.3143694,-10.326403,2016-03-10,11:37:09.767
22.298,3.5107806,2.0593965,-9.15941,2016-03-10,11:37:09.866
22.361,4.373766,1.93191,-8.512172,2016-03-10,11:37:09.929
22.416,4.815065,1.6475172,-8.021839,2016-03-10,11:37:09.984
22.5,3.9520798,0.79433864,-6.4723887,2016-03-10,11:37:10.068
22.566,3.9618864,0.8531785,-6.5312285,2016-03-10,11:37:10.134
22.647,4.2168593,0.98066497,-7.050981,2016-03-10,11:37:10.215
22.738,6.4527755,1.539644,-7.1882744,2016-03-10,11:37:10.306
22.801,6.129156,1.5102241,-7.5707335,2016-03-10,11:37:10.369
22.869,5.962443,1.0591182,-7.6982203,2016-03-10,11:37:10.437
22.937,4.658159,0.79433864,-6.943108,2016-03-10,11:37:10.505
23.017,4.5404787,0.8727918,-7.404021,2016-03-10,11:37:10.585
23.086,5.325011,1.2454445,-7.2078876,2016-03-10,11:37:10.654
23.182,6.3743224,1.2258313,-7.276534,2016-03-10,11:37:10.75
23.249,6.2468357,1.1277647,-7.5707335,2016-03-10,11:37:10.817
23.308,4.177633,0.84337187,-6.2762556,2016-03-10,11:37:10.876
23.389,3.550007,1.0100849,-5.570177,2016-03-10,11:37:10.957
23.456,4.020726,0.5099458,-7.1588545,2016-03-10,11:37:11.024
23.537,4.7169986,1.539644,-8.933858,2016-03-10,11:37:11.105
23.621,3.7657535,2.4712758,-10.071429,2016-03-10,11:37:11.189
23.704,4.089373,1.8926834,-11.728753,2016-03-10,11:37:11.272
23.76,4.3541527,1.8436501,-10.493115,2016-03-10,11:37:11.328
23.827,4.501252,2.1574628,-10.846154,2016-03-10,11:37:11.395
23.908,3.9422731,2.9027684,-12.03276,2016-03-10,11:37:11.476
23.976,3.5892339,1.9122967,-10.218529,2016-03-10,11:37:11.544
24.063,2.853735,0.8531785,-9.463417,2016-03-10,11:37:11.631
24.152,3.9815,2.4222424,-7.3746004,2016-03-10,11:37:11.72
24.206,3.638267,2.7556686,-7.6884136,2016-03-10,11:37:11.774
24.281,3.8147867,2.7948952,-8.4925585,2016-03-10,11:37:11.849
24.355,4.932745,2.2359161,-9.335931,2016-03-10,11:37:11.923
24.431,3.8736267,2.6968286,-7.3255672,2016-03-10,11:37:11.999
24.513,4.5993185,1.5004175,-8.541592,2016-03-10,11:37:12.081
24.602,5.991863,1.8044236,-8.119906,2016-03-10,11:37:12.17
24.65,4.864098,1.93191,-8.129713,2016-03-10,11:37:12.218
24.721,2.8439283,1.93191,-6.00167,2016-03-10,11:37:12.289
24.795,3.9422731,1.9221034,-7.0117545,2016-03-10,11:37:12.363
24.869,6.3449025,1.4808041,-8.776952,2016-03-10,11:37:12.437
24.977,5.629017,1.3140911,-8.414105,2016-03-10,11:37:12.545
25.019,5.315204,1.4709975,-7.7472534,2016-03-10,11:37:12.587
25.115,5.599597,1.4709975,-7.276534,2016-03-10,11:37:12.683
25.133,5.599597,1.6769371,-7.276534,2016-03-10,11:37:12.701
25.165,6.03109,1.5788707,-6.776395,2016-03-10,11:37:12.733
25.245,4.9719715,0.9120184,-6.5312285,2016-03-10,11:37:12.813
25.316,3.4519408,0.26477954,-5.76631,2016-03-10,11:37:12.884
25.413,3.3734875,-0.0784532,-6.4821954,2016-03-10,11:37:12.981
25.49,4.8935184,0.1176798,-8.433719,2016-03-10,11:37:13.058
25.54,4.0795665,1.4415776,-9.394771,2016-03-10,11:37:13.108
25.617,4.658159,1.2062179,-10.277369,2016-03-10,11:37:13.185
25.687,3.4029074,1.1866046,-10.895188,2016-03-10,11:37:13.255
25.773,3.6774936,0.9022118,-10.708861,2016-03-10,11:37:13.341
25.861,3.3931007,1.4023509,-11.993532,2016-03-10,11:37:13.429
25.936,3.000835,1.1669914,-10.983448,2016-03-10,11:37:13.504
25.988,2.4026291,2.0888164,-9.45361,2016-03-10,11:37:13.556
26.057,2.2064962,2.1084297,-8.031646,2016-03-10,11:37:13.625
26.144,2.4810824,1.6769371,-8.541592,2016-03-10,11:37:13.712
26.208,3.1185145,1.8828768,-9.218251,2016-03-10,11:37:13.776
26.3,2.5105023,1.3042845,-9.98317,2016-03-10,11:37:13.868
26.372,4.815065,1.3925443,-9.826263,2016-03-10,11:37:13.94
26.435,4.9425516,1.0787314,-9.83607,2016-03-10,11:37:14.003
26.509,4.7464185,1.9711366,-9.914523,2016-03-10,11:37:14.077
26.576,3.9128532,1.2552512,-9.394771,2016-03-10,11:37:14.144
26.662,3.697107,1.4317709,-8.1983595,2016-03-10,11:37:14.23
26.764,3.0204482,1.343511,-7.001948,2016-03-10,11:37:14.332
26.819,2.7850885,1.6475172,-6.2762556,2016-03-10,11:37:14.387
26.879,4.0991797,1.7553903,-7.75706,2016-03-10,11:37:14.447
26.946,4.981778,2.6379888,-8.325846,2016-03-10,11:37:14.514
27.037,6.590069,2.3437893,-9.316318,2016-03-10,11:37:14.605
27.095,6.0114765,1.90249,-7.6295733,2016-03-10,11:37:14.663
27.188,5.089651,1.90249,-8.1101,2016-03-10,11:37:14.756
27.247,5.089651,1.8338435,-8.1101,2016-03-10,11:37:14.815
27.313,4.020726,2.3928225,-8.3846855,2016-03-10,11:37:14.881
27.331,4.0501466,2.186883,-8.541592,2016-03-10,11:37:14.899
27.398,4.3149257,1.8142302,-9.071151,2016-03-10,11:37:14.966
27.469,5.0504246,2.0692031,-9.15941,2016-03-10,11:37:15.037
27.547,4.0501466,2.3830159,-7.8159,2016-03-10,11:37:15.115
27.655,4.1089864,1.5690639,-7.1784678,2016-03-10,11:37:15.223
27.724,4.5502853,1.5200307,-7.913966,2016-03-10,11:37:15.292
27.772,6.3743224,2.0790098,-9.473224,2016-03-10,11:37:15.34
27.837,6.2958694,1.5494506,-7.894353,2016-03-10,11:37:15.405
27.921,3.1577413,0.8531785,-6.3939357,2016-03-10,11:37:15.489
27.986,1.93191,1.2552512,-4.8739047,2016-03-10,11:37:15.554
28.08,3.334261,-0.38245934,-5.982056,2016-03-10,11:37:15.648
28.166,4.7660317,2.0005565,-7.6491866,2016-03-10,11:37:15.734
28.211,4.118793,1.176798,-9.316318,2016-03-10,11:37:15.779
28.293,4.030533,1.2454445,-11.346293,2016-03-10,11:37:15.861
28.361,3.7559469,2.6379888,-11.454167,2016-03-10,11:37:15.929
28.44,3.5303938,1.372931,-10.620602,2016-03-10,11:37:16.008
28.534,4.6875787,2.745862,-12.503478,2016-03-10,11:37:16.102
28.615,4.6385455,1.7161638,-10.904995,2016-03-10,11:37:16.183
28.657,3.9618864,1.6082906,-10.5715685,2016-03-10,11:37:16.225
28.732,3.9324665,1.3238977,-9.041731,2016-03-10,11:37:16.3
28.81,3.5205872,0.7747253,-9.80665,2016-03-10,11:37:16.378
28.877,3.9422731,2.441856,-10.551955,2016-03-10,11:37:16.445
28.973,4.815065,2.6477954,-7.531507,2016-03-10,11:37:16.541
29.048,5.550564,0.97085834,-9.963556,2016-03-10,11:37:16.616
29.107,7.139241,1.8926834,-10.767701,2016-03-10,11:37:16.675
29.179,6.00167,1.1669914,-8.355266,2016-03-10,11:37:16.747
29.261,2.991028,0.8139519,-6.0114765,2016-03-10,11:37:16.829
29.323,3.1479347,1.5788707,-4.452219,2016-03-10,11:37:16.891
29.413,5.88399,1.4317709,-7.2176943,2016-03-10,11:37:16.981
29.51,6.4037423,2.4712758,-8.737725,2016-03-10,11:37:17.078
29.545,6.335096,1.6965504,-8.561205,2016-03-10,11:37:17.113
29.623,6.1683826,1.4513842,-8.129713,2016-03-10,11:37:17.191
29.697,5.089651,1.539644,-6.580262,2016-03-10,11:37:17.265
29.771,3.8245933,1.0395049,-6.050703,2016-03-10,11:37:17.339
29.884,4.177633,1.6377105,-5.776117,2016-03-10,11:37:17.452
29.944,4.658159,1.3533176,-6.5018086,2016-03-10,11:37:17.512
29.993,4.1384063,2.6772153,-7.4138274,2016-03-10,11:37:17.561
30.07,4.648352,2.3339827,-9.404577,2016-03-10,11:37:17.638
30.147,3.108708,1.706357,-9.679163,2016-03-10,11:37:17.715
30.222,3.86382,1.5200307,-10.561762,2016-03-10,11:37:17.79
30.318,4.3835726,2.2751427,-10.1989155,2016-03-10,11:37:17.886
30.369,4.373766,2.2751427,-11.601267,2016-03-10,11:37:17.937
30.447,3.9815,2.4516625,-10.806928,2016-03-10,11:37:18.015
30.539,4.4718323,2.9616082,-11.846433,2016-03-10,11:37:18.107
30.586,4.6189322,2.9616082,-10.081236,2016-03-10,11:37:18.154
30.606,4.6189322,2.4124358,-10.081236,2016-03-10,11:37:18.174
30.66,4.3541527,2.7164419,-9.002504,2016-03-10,11:37:18.228
30.775,3.1871612,1.2552512,-7.4922805,2016-03-10,11:37:18.343
30.845,3.5794272,1.4317709,-8.551398,2016-03-10,11:37:18.413
30.888,5.1386843,3.2656143,-8.894631,2016-03-10,11:37:18.456
30.961,4.3835726,2.5497289,-6.7371683,2016-03-10,11:37:18.529
31.04,4.1089864,2.0005565,-7.835513,2016-03-10,11:37:18.608
31.107,3.6186538,3.4421341,-6.158576,2016-03-10,11:37:18.675
31.206,3.246001,2.4516625,-8.16894,2016-03-10,11:37:18.774
